15 255
16 0,1,4,16,64
10 248,249,252,253
13 227,231,243,247
22 218,219,222,223
19 107,111,123,127
6 224,225,228,229,240,241,244,245
22 194,195,198,199,210,211,214,215
23 74,75,78,79,90,91,94,95
7 104,105,108,109,120,121,124,125
11 32,33,36,37,48,49,52,53,96,97,100,101,112,113,116,117
14 128,129,132,133,144,145,148,149,192,193,196,197,208,209,212,213
28 2,3,6,7,18,19,22,23,66,67,70,71,82,83,86,87
21 8,9,12,13,24,25,28,29,72,73,76,77,88,89,92,93
18 34,35,38,39,50,51,54,55,98,99,102,103,114,115,118,119
17 136,137,140,141,152,153,156,157,200,201,204,205,216,217,220,221
25 254
23 254
24 254
22 254
21 251
30 239
29 191
27 250
33 235
31 175
32 190
34 238
35 187
38 234
36 171
37 174
39 186
40 170
52 184,185,188,189
53 232,233,236,237
54 168,169,172,173
50 226,230,242,246
49 163,167,183,187
51 162,166,182,186
42 154,155,158,159
41 202,203,206,207
43 138,139,132,133
47 106,110,122,126
46 43,47,63,67
48 42,46,62,66
56 160,161,164,165,176,177,180,181
45 130,131,134,135,146,147,150,151
44 10,11,14,15,26,27,30,31
55 40,41,44,45,56,57,60,61