306 224,225,228,229,240,241,244,245
356 160,161,164,165,176,177,180,181
307 56,57,60,61,120,121,124,125
355 40,41,44,45,104,105,108,109
310 248,249,252,253
311 32,33,36,37,48,49,52,53,96,97,100,101,112,113,116,117
352 184,185,188,189
353 232,233,236,237
354 168,169,172,173
313 227,231,243,247
314 128,129,132,133,144,145,148,149,192,193,196,197,208,209,212,213
349 163,167,179,183
350 226,230,242,246
351 162,166,178,182
315 255
316 0,1,4,5,16,17,20,21,64,65,68,69,80,81,84,85
317 136,137,140,141,152,153,156,157,200,201,204,205,216,217,220,221
318 34,35,38,39,50,51,54,55,98,99,102,103,114,115,118,119
319 62,63,126,127
321 8,9,12,13,24,25,28,29,72,73,76,77,88,89,92,93
346 46,47,110,111
347 58,59,122,123
348 42,43,106,107
322 131,135,147,151,195,199,211,215
345 130,134,146,150,194,198,210,214
323 14,15,30,31,78,79,94,95
344 10,11,26,27,74,75,90,91
324 143,159,207,223
328 2,3,6,7,18,19,22,23,66,67,70,71,82,83,86,87
341 142,158,206,222
342 139,155,203,219
343 138,154,202,218
325 254
326 251
327 250
329 191
330 239
331 175
332 190
333 235
334 238
335 187
336 171
337 174
338 234
339 186
340 170