106 224,225,228,229,240,241,244,245
156 160,161,164,165,176,177,180,181
107 56,57,60,61,120,121,124,125
155 40,41,44,45,104,105,108,109
110 248,249,252,253
111 32,33,36,37,48,49,52,53,96,97,100,101,112,113,116,117
152 184,185,188,189
153 232,233,236,237
154 168,169,172,173
113 227,231,243,247
114 128,129,132,133,144,145,148,149,192,193,196,197,208,209,212,213
149 163,167,179,183
150 226,230,242,246
151 162,166,178,182
115 255
116 0,1,4,5,16,17,20,21,64,65,68,69,80,81,84,85
117 136,137,140,141,152,153,156,157,200,201,204,205,216,217,220,221
118 34,35,38,39,50,51,54,55,98,99,102,103,114,115,118,119
119 62,63,126,127
121 8,9,12,13,24,25,28,29,72,73,76,77,88,89,92,93
146 46,47,110,111
147 58,59,122,123
148 42,43,106,107
122 131,135,147,151,195,199,211,215
145 130,134,146,150,194,198,210,214
123 14,15,30,31,78,79,94,95
144 10,11,26,27,74,75,90,91
124 143,159,207,223
128 2,3,6,7,18,19,22,23,66,67,70,71,82,83,86,87
141 142,158,206,222
142 139,155,203,219
143 138,154,202,218
125 254
126 251
127 250
129 191
130 239
131 175
132 190
133 235
134 238
135 187
136 171
137 174
138 234
139 186
140 170