206 224,225,228,229,240,241,244,245
256 160,161,164,165,176,177,180,181
207 56,57,60,61,120,121,124,125
255 40,41,44,45,104,105,108,109
210 248,249,252,253
211 32,33,36,37,48,49,52,53,96,97,100,101,112,113,116,117
252 184,185,188,189
253 232,233,236,237
254 168,169,172,173
213 227,231,243,247
214 128,129,132,133,144,145,148,149,192,193,196,197,208,209,212,213
249 163,167,179,183
250 226,230,242,246
251 162,166,178,182
215 255
216 0,1,4,5,16,17,20,21,64,65,68,69,80,81,84,85
217 136,137,140,141,152,153,156,157,200,201,204,205,216,217,220,221
218 34,35,38,39,50,51,54,55,98,99,102,103,114,115,118,119
219 62,63,126,127
221 8,9,12,13,24,25,28,29,72,73,76,77,88,89,92,93
246 46,47,110,111
247 58,59,122,123
248 42,43,106,107
222 131,135,147,151,195,199,211,215
245 130,134,146,150,194,198,210,214
223 14,15,30,31,78,79,94,95
244 10,11,26,27,74,75,90,91
224 143,159,207,223
228 2,3,6,7,18,19,22,23,66,67,70,71,82,83,86,87
241 142,158,206,222
242 139,155,203,219
243 138,154,202,218
225 254
226 251
227 250
229 191
230 239
231 175
232 190
233 235
234 238
235 187
236 171
237 174
238 234
239 186
240 170