24
0
-1
1813.45
829.689
1
0
0
1
1
1
-1
1852.13
828.915
1
1
0
1
1
3
-1
1893.89
830.462
1
0
0
1
1
4
-1
1736.88
832.009
1
0
0
1
1
7
-1
1951.13
835.876
1
0
0
1
1
10
-1
1647.16
830.462
1
0
0
1
1
14
-1
1638.66
606.165
0
0
0
1
2
0
15
-1
1991.34
828.915
1
0
0
1
1
16
-1
2081.06
825.048
1
0
0
1
1
17
-1
2208.68
825.048
1
0
0
1
1
20
-1
2322.93
826.595
1
0
0
1
1
21
-1
1491.84
802.618
1
0
0
1
1
22
-1
2417.35
820.407
1
0
0
1
1
23
-1
2493.14
816.54
1
0
0
1
1
25
-1
2445.19
809.579
1
0
0
1
1
28
-1
2555.61
742.29
0
0
0
1
1
28
-1
2675.49
749.251
0
0
0
1
1
28
-1
2750.51
743.837
0
0
0
1
1
28
-1
2710.29
661.079
0
0
0
1
1
28
-1
2613.61
652.571
0
0
0
1
1
28
-1
2615.16
739.196
0
0
0
1
1
29
-1
2232.42
609.399
0
1
0
1
2
0
2
-1
2087.42
608.399
0
1
0
1
2
1
0
8
-1
2623.11
757.548
0
1
0
1
1
0
0
2
1
1525.46
670.116
0
0
0
0
80
190
0
0
0
2
1
1
