293.425
1161.54
0
level2Music
1
Room
15
111,0,0,0,0,0,0,0,0,0,0,0,0,0,0,0,0,0,0,0,0,0,0,0,0,0,0,111,0,0,0,0,0,0,0,0,0,0,0,500
118,0,0,0,0,0,0,0,0,0,0,0,0,0,0,0,0,0,0,0,0,0,0,0,0,0,0,118,0,0,0,0,0,0,0,0,0,0,0,500
118,0,0,0,0,0,0,0,0,0,0,0,0,0,0,0,0,0,0,0,0,0,0,0,0,0,0,118,0,0,0,0,0,0,0,0,0,0,0,500
118,0,0,0,0,121,114,0,0,0,121,114,0,0,0,0,0,0,0,0,0,121,117,117,117,156,0,118,0,0,0,0,0,0,0,0,0,0,0,500
118,0,0,0,0,0,0,0,0,0,0,0,0,0,0,0,0,0,0,0,0,0,0,0,0,118,0,128,0,0,0,0,0,0,0,0,0,0,0,500
118,0,0,0,0,0,0,0,0,0,0,0,0,0,121,114,0,0,0,0,0,0,0,0,0,118,0,0,0,0,0,0,0,0,0,0,0,0,0,500
147,110,110,106,0,0,0,0,0,0,0,0,0,0,0,0,0,0,0,0,0,0,0,0,0,118,0,0,0,0,0,107,110,110,110,110,110,110,110,106
119,115,115,126,106,0,0,0,0,0,0,0,0,0,0,0,0,0,121,117,117,114,0,0,0,144,117,117,114,0,0,146,124,124,124,124,124,124,124,122
123,124,124,124,142,114,0,0,0,0,0,0,0,0,0,0,0,0,0,0,0,0,0,0,0,0,0,0,0,0,0,118,0,0,0,0,0,0,0,0
0,0,0,0,0,0,0,0,121,117,117,114,0,0,0,0,0,0,0,0,0,0,0,0,0,0,0,0,0,0,0,118,0,0,0,0,0,0,0,0
0,0,0,0,0,0,0,0,0,0,0,0,0,0,0,0,0,0,0,0,0,0,0,0,121,114,0,0,0,0,121,145,0,0,0,0,0,0,0,0
0,0,0,0,0,0,0,0,0,0,0,0,0,0,107,106,0,0,0,0,0,0,0,0,0,0,0,0,0,0,0,0,0,0,0,0,0,0,0,0
0,0,0,0,0,0,0,0,0,0,0,0,0,0,119,113,0,0,0,0,0,0,0,0,0,0,0,0,0,0,0,0,0,0,0,0,0,0,0,0
0,0,0,0,0,0,0,0,0,0,0,0,107,110,125,126,110,110,110,110,110,110,110,110,110,110,110,110,110,110,110,110,110,110,110,110,110,110,110,106
121,117,117,117,117,117,117,117,117,117,117,117,141,124,124,124,124,124,124,124,124,124,124,124,124,124,124,124,124,124,124,124,124,124,124,124,124,124,124,122
28
46,3,280.755,476.663
2,3,3603,993.156
29,4,3475.55,993.156
39,4,3532.9,226.747
41,4,2475.29,558.504
21,4,3572.74,236.953
46,4,3477.19,470.668
46,4,3478.48,400.941
46,4,3411.33,469.377
46,4,3744.5,475.944
46,4,3744.5,406.655
9,15,2000.3,277.364,3,WoodLadder
28,15,2364.6,878.391
43,4,1066.02,240.186
44,4,1047.47,1304.92
28,15,1398.92,391.496
46,16,2877.01,852.985
46,17,1507.5,1148.76
46,17,2000.47,1144.44
46,17,2065.59,1145.6
46,17,2035.36,1075.83
6,2,2976.03,1028.31
21,3,1846.74,628.816
5,3,2249.82,16.0754,3
5,4,829.247,616.761,2
34,2,100.745,539.194
28,-1,496.551,683.578
28,-1,3668.65,206.605
158
1,Green5,444.921,268.933
1,Green5,429.64,650.964
1,Green4,530.666,751.129
1,Green3,1120.94,1232.93
0,VerticallyPipe,3214.44,449.249
0,VerticallyPipe,3214.44,369.317
0,VerticallyPipe,2753.9,1133.71
0,VerticallyPipe,2753.9,1071.31
0,VerticallyPipe,2753.9,1039.12
0,VerticallyPipe,2753.9,993.384
0,VerticallyPipe,2753.9,976.415
0,VerticallyPipe,2753.9,960.135
0,VerticallyPipe,2753.9,879.59
0,VerticallyPipe,2753.9,831.036
1,Green4,1486.67,1034.2
1,Green3,816.89,845.566
1,Green5,1060.28,841.598
1,Green7,3117.31,745.959
1,Green7,2992.97,1025.06
0,HorizontalPipe,3719.23,71.8021
0,HorizontalPipe,3720.14,10.4547
0,HorizontalPipe,3639.88,10.4547
0,HorizontalPipe,3559.62,10.4547
0,HorizontalPipe,3484.63,10.4547
0,HorizontalPipe,3410.71,10.4547
0,HorizontalPipe,3362.13,10.4547
0,HorizontalPipe,3319.89,10.4547
0,VerticallyPipe,3214.41,288.721
0,VerticallyPipe,3214.41,209.516
0,VerticallyPipe,3214.41,172.554
0,VerticallyPipe,3561.52,210.44
0,HorizontalPipe,3658.32,72.7991
0,VerticallyPipe,3561.52,177.164
0,VerticallyPipe,3561.62,165.266
0,TopPipe,3577.7,92.8974
0,HorizontalPipe,3539.79,72.7949
0,HorizontalPipe,3463.4,72.7949
0,HorizontalPipe,3387.84,72.7949
0,HorizontalPipe,3356.25,72.7949
0,HorizontalPipe,3325.81,72.7949
0,MiddlePipe,3250.57,108.979
0,LeftTopPipe,3237.36,32.0157
0,HorizontalPipe,3175.67,73.5359
0,HorizontalPipe,3117.5,73.5359
0,HorizontalPipe,3058.23,73.5359
0,HorizontalPipe,3002.25,73.5359
0,HorizontalPipe,2941.88,73.5359
0,HorizontalPipe,2890.3,73.5359
0,HorizontalPipe,2861.76,73.5359
0,HorizontalPipe,2850.78,73.5359
0,RightPipe,2753.88,750.012
0,VerticallyPipe,2753.88,714.889
0,VerticallyPipe,2753.88,638.057
0,VerticallyPipe,2753.88,557.933
0,VerticallyPipe,2753.88,496.792
0,RightPipe,2754,415.187
0,VerticallyPipe,2754,385.552
0,VerticallyPipe,2754,305.428
0,VerticallyPipe,2754,227.499
0,VerticallyPipe,2754,172.619
0,LeftTopPipe,2777.52,95.6341
0,HorizontalPipe,2726.96,738.904
0,HorizontalPipe,2647.65,738.904
0,HorizontalPipe,2723.34,403.918
0,HorizontalPipe,2649.89,403.918
0,HorizontalPipe,2576.45,403.918
0,HorizontalPipe,2518.85,403.918
0,HorizontalPipe,2568.38,738.745
0,HorizontalPipe,2497.82,738.745
0,HorizontalPipe,2430.14,738.745
0,HorizontalPipe,2358.14,738.745
0,HorizontalPipe,2284.7,738.745
0,LeftDownPipe,2440.98,404.208
0,VerticallyPipe,2420.92,374.846
0,VerticallyPipe,2420.92,294.633
0,VerticallyPipe,2420.92,218.239
0,VerticallyPipe,2421.87,142.8
0,RightDownPipe,2173.71,801.708
0,MiddlePipe,2209.99,774.97
0,VerticallyPipe,2173.71,691.892
0,VerticallyPipe,2173.71,621.816
0,VerticallyPipe,2173.71,550.197
0,VerticallyPipe,2173.71,489.082
0,RightTopPipe,2173.71,409.824
0,HorizontalPipe,2148.88,388.816
0,HorizontalPipe,2080.12,388.816
0,HorizontalPipe,2024.74,388.816
0,HorizontalPipe,2134.96,739.475
0,HorizontalPipe,2080.53,739.475
0,HorizontalPipe,2027.05,739.475
0,HorizontalPipe,1974.58,739.475
0,VerticallyPipe,2138.9,1127.8
0,VerticallyPipe,2138.24,1052.47
0,VerticallyPipe,2137.58,987.044
0,VerticallyPipe,2137.58,916.996
0,VerticallyPipe,2137.58,898.493
0,LeftTopPipe,2160.05,823.819
0,HorizontalPipe,1919.82,740.053
0,HorizontalPipe,1864.18,740.053
0,HorizontalPipe,1797.09,740.053
0,HorizontalPipe,1746.36,740.053
0,RightTopPipe,2422.21,64.3299
0,HorizontalPipe,1690.38,740.268
0,HorizontalPipe,1626.07,740.268
0,HorizontalPipe,1577.84,740.268
0,HorizontalPipe,1545.68,740.268
0,HorizontalPipe,1477.89,740.268
0,HorizontalPipe,1405.54,740.268
0,HorizontalPipe,1351.27,740.268
0,HorizontalPipe,1283.02,740.268
0,HorizontalPipe,1213.52,740.268
0,VerticallyPipe,1118.05,1140.32
0,VerticallyPipe,1118.05,1067.96
0,VerticallyPipe,1118.05,998.628
0,VerticallyPipe,1118.05,921.253
0,VerticallyPipe,1118.05,847.331
0,VerticallyPipe,1118.05,831.253
0,LeftTopPipe,1141.16,761.917
0,HorizontalPipe,1395.2,387.108
0,HorizontalPipe,1228.83,388.675
0,HorizontalPipe,1159.1,388.675
0,HorizontalPipe,1089.37,388.675
0,HorizontalPipe,1033.46,388.675
0,HorizontalPipe,971.941,388.386
0,HorizontalPipe,908.234,388.386
0,HorizontalPipe,844.527,388.386
0,HorizontalPipe,773.755,388.386
0,HorizontalPipe,703.067,388.386
0,HorizontalPipe,638.487,388.386
0,HorizontalPipe,580.016,388.386
0,HorizontalPipe,536.38,388.386
0,HorizontalPipe,488.382,388.386
0,HorizontalPipe,444.747,388.386
0,HorizontalPipe,388.021,388.386
0,HorizontalPipe,325.187,388.386
0,HorizontalPipe,275.443,388.386
0,HorizontalPipe,203.881,388.386
0,HorizontalPipe,128.829,388.386
0,HorizontalPipe,57.2673,388.386
0,HorizontalPipe,2392.65,42.9434
0,HorizontalPipe,2318.41,42.9434
0,HorizontalPipe,2245.54,42.9434
0,HorizontalPipe,2176.66,42.8349
0,HorizontalPipe,2109.71,42.8349
0,HorizontalPipe,2047.33,42.8349
0,HorizontalPipe,2014.67,42.4967
0,VerticallyPipe,1917.27,152.426
0,VerticallyPipe,1917.27,138.511
0,LeftTopPipe,1940.92,64.7608
0,HorizontalPipe,1954.71,388.694
0,HorizontalPipe,1889.24,388.694
0,HorizontalPipe,1830.42,388.694
0,HorizontalPipe,1755.47,388.694
0,HorizontalPipe,1700.44,388.694
0,HorizontalPipe,1635.93,388.694
0,HorizontalPipe,1576.16,388.694
0,HorizontalPipe,1509.75,388.694
0,HorizontalPipe,1439.54,388.694
2
1,3147.54,373.133,2,1,3
3,3223.82,1041.19,3,485,4
