145.683
244.365
1
Level2Music
1
level5_A
15
321,317,317,317,317,317,354,317,317,317,317,317,317,317,354,317,317,317,317,317,317,354,317,317,317,317,317,317,317,317,317,317,317,317,317,354,317,317,317,314
0,0,0,0,0,0,318,0,0,0,0,0,0,0,328,0,0,0,0,0,0,318,0,0,0,0,0,0,0,0,0,0,0,0,0,328,0,0,0,0
0,0,0,0,0,0,318,0,0,0,0,0,0,0,0,0,0,0,0,0,0,318,0,0,0,0,0,0,0,0,0,0,0,0,0,0,0,0,0,0
0,0,0,0,0,0,318,0,0,0,0,0,0,0,0,0,0,0,0,0,0,318,0,0,307,306,0,0,0,0,0,0,0,0,0,0,0,0,0,0
307,353,317,317,317,352,350,0,0,0,0,0,0,0,0,0,0,0,0,0,0,328,0,0,319,313,0,0,316,0,316,0,316,0,321,317,317,317,317,356
319,313,0,0,0,319,326,310,310,310,306,0,0,0,307,310,310,306,0,0,0,0,0,0,319,313,0,0,0,0,0,0,0,0,0,0,0,0,0,318
319,313,0,0,0,319,315,315,315,315,313,0,0,0,319,315,315,313,0,0,0,0,0,0,319,313,0,0,0,0,0,0,0,0,0,0,0,0,0,318
319,313,0,0,0,319,315,315,315,315,313,0,0,0,319,315,315,313,0,0,355,317,317,317,341,342,317,317,317,317,317,317,317,317,314,0,0,0,0,318
319,313,0,0,0,319,315,315,315,315,313,0,0,0,319,315,315,313,0,0,318,0,0,0,0,0,0,0,0,0,0,0,0,0,0,0,0,0,0,318
319,313,0,0,0,319,315,315,315,315,313,0,0,0,319,315,315,313,0,0,318,0,0,0,0,0,0,0,0,0,0,0,0,0,0,0,0,0,0,318
319,313,0,0,0,319,315,315,315,315,313,0,0,0,319,315,315,333,314,0,318,0,0,0,0,0,0,0,0,0,0,0,0,0,0,0,0,0,0,318
319,313,0,0,0,323,324,324,324,324,342,317,317,317,341,324,324,349,0,0,328,0,0,0,0,307,353,317,317,317,317,317,317,352,310,310,310,310,310,350
319,313,0,0,0,0,0,0,0,0,0,0,0,0,0,0,0,318,0,0,0,0,0,0,307,325,313,0,0,0,0,0,0,319,315,315,315,315,315,313
319,313,0,0,0,0,0,0,0,0,0,0,0,0,0,0,0,318,0,0,0,0,0,307,325,315,313,0,0,0,0,0,0,319,315,315,315,315,315,313
323,342,317,317,317,317,317,317,317,317,317,317,317,317,317,317,317,343,317,317,317,317,317,341,324,324,342,317,317,317,317,317,317,341,324,324,324,324,324,322
20
51,-1,341.885,318.926,8,SteelLadder
41,-1,1064.37,937.235
41,-1,1193.85,934.738
51,-1,905.927,312.878,8,SteelLadder
54,50,1589.08,1170.87
54,51,2257.53,493.666
46,-1,3063.3,1239.18
46,-1,3396.31,953.7
46,-1,2478.53,571.114
46,-1,2478.62,499.644
39,-1,3468.38,704.436
21,-1,3096.71,1229.87
51,-1,2778.31,964.224,3,SteelLadder
28,-1,601.452,1254.93
28,-1,1400.1,384.714
28,-1,2884.85,286.56
54,52,3698.6,592.066
6,50,3384.96,165.215
6,51,2042.53,453.347
6,52,1400.4,1125.77
100
2,Mist,3146.12,465.104
2,Crate,2963,1227.53
2,Crate,2888.36,1226.75
2,Crate,2924.95,1155.34
2,Crate,2633.73,1226.75
2,Crate,2711.29,1232.19
0,VerticallyPipe,116.856,1232.98
0,VerticallyPipe,116.856,1159.2
0,VerticallyPipe,116.55,1084.94
0,VerticallyPipe,116.55,1005.19
0,VerticallyPipe,116.55,926.589
0,VerticallyPipe,116.55,848.134
0,VerticallyPipe,116.55,770.105
0,VerticallyPipe,116.55,690.139
0,VerticallyPipe,116.55,613.83
0,VerticallyPipe,116.55,535.801
0,VerticallyPipe,116.55,459.492
0,VerticallyPipe,116.55,416.461
0,VerticallyPipe,162.714,1215.1
0,VerticallyPipe,162.714,1137.01
0,VerticallyPipe,162.714,1058.92
0,VerticallyPipe,162.714,979.647
0,VerticallyPipe,162.714,907.607
0,VerticallyPipe,162.714,828.926
0,VerticallyPipe,162.714,748.987
0,VerticallyPipe,162.714,670.306
0,VerticallyPipe,162.714,590.492
0,VerticallyPipe,162.714,511.224
0,VerticallyPipe,162.714,433.13
2,HorizontalPipe,2753.11,294.986
2,HorizontalPipe,2941.88,335.04
2,HorizontalPipe,3135.26,289.124
0,VerticallyPipe,1939.73,1210.05
0,VerticallyPipe,1939.73,1133.68
0,VerticallyPipe,1939.73,1091.64
0,RightTopPipe,1939.73,1015.27
0,TopPipe,1908.03,1013.87
2,LeftDownPipe,1217.03,50.5633
2,VerticallyPipe,1196.96,29.951
2,HorizontalPipe,1219.1,736.225
2,HorizontalPipe,1145.37,736.207
2,HorizontalPipe,1073.2,736.207
2,HorizontalPipe,1012.86,736.207
0,HorizontalPipe,1501.05,1152.21
0,HorizontalPipe,1425.27,1152.21
0,HorizontalPipe,1349.48,1152.21
0,HorizontalPipe,1272.53,1152.21
0,HorizontalPipe,1196.75,1152.21
0,HorizontalPipe,1119.2,1152.21
0,HorizontalPipe,1042.25,1152.21
0,HorizontalPipe,967.034,1152.21
0,HorizontalPipe,890.078,1152.21
0,HorizontalPipe,810.579,1152.21
0,HorizontalPipe,735.152,1152.37
0,HorizontalPipe,660.628,1152.37
0,HorizontalPipe,586.654,1152.37
0,HorizontalPipe,507.658,1152.37
0,HorizontalPipe,434.624,1152.37
0,HorizontalPipe,358.956,1152.37
0,HorizontalPipe,289.897,1152.37
0,HorizontalPipe,213.882,1152.37
0,HorizontalPipe,142.338,1152.37
2,LeftTopPipe,3384.68,758.496
2,LeftPipe,3384.68,791.954
2,RightDownPipe,3361.55,815.002
2,HorizontalPipe,3344.03,815.002
2,LeftTopPipe,3266.94,836.563
2,VerticallyPipe,3243.94,907.176
2,VerticallyPipe,3243.94,927.263
2,VerticallyPipe,2210.89,152.969
2,VerticallyPipe,2210.89,74.687
2,VerticallyPipe,2210.89,55.7476
2,VerticallyPipe,2254.33,151.707
2,VerticallyPipe,2254.33,83.5253
2,VerticallyPipe,2254.33,36.177
2,VerticallyPipe,2342.58,153.188
2,VerticallyPipe,2342.58,76.3113
2,VerticallyPipe,2342.58,29.8409
0,VerticallyPipe,1640.18,1244.85
0,RightTopPipe,1640.18,1172.31
1,Green3,1287.11,131.749
2,Green7,1278.73,118.675
2,HorizontalPipe,2174.07,310.95
2,HorizontalPipe,2097.35,310.95
2,HorizontalPipe,2067.46,310.95
2,HorizontalPipe,2169.16,233.86
2,HorizontalPipe,2099.87,233.86
2,HorizontalPipe,2049.01,233.86
2,LeftDownPipe,443.771,52.3105
2,VerticallyPipe,423.754,31.0744
2,VerticallyPipe,2892.19,920.318
2,VerticallyPipe,2892.19,848.202
2,VerticallyPipe,2892.19,773.901
2,VerticallyPipe,2892.19,724.367
1,Mist,633.921,1082.05
1,Mist,330.598,1059.91
1,Mist,2322.71,796.437
1,Mist,2789.87,769.869
1,Mist,2610.25,56.7856
1,Mist,2610.25,56.7856
1
2,2474.33,853.669,4,790,-1
