86.8726
199.57
1
NO_MUSIC_PROVIDED
1
level5_A
15
321,317,317,317,317,0,0,0,0,0,0,0,0,0,0,0,0,0,0,0,0,0,0,0,0,0,0,0,0,317,317,317,317,317,354,317,317,317,317,314
0,0,0,0,0,0,0,0,0,0,0,0,0,0,0,0,0,0,0,0,0,0,0,0,0,0,0,0,0,0,0,0,0,0,328,0,0,0,0,0
0,0,0,0,0,0,0,0,0,0,0,0,0,0,0,0,0,0,0,0,0,0,0,0,0,0,0,0,0,0,0,0,0,0,0,0,0,0,0,0
0,0,0,0,0,0,0,0,0,0,0,0,0,0,0,0,0,0,0,0,0,0,0,0,0,0,0,0,0,0,0,0,0,0,0,0,0,0,0,0
307,353,317,317,317,356,0,0,0,0,307,306,0,0,0,0,307,306,0,0,0,0,307,306,0,0,0,0,307,310,310,310,310,310,353,317,317,317,317,356
319,313,0,0,0,318,0,0,0,0,319,313,0,0,0,0,319,313,0,0,0,0,319,313,0,0,0,0,319,315,315,315,315,315,313,0,0,0,0,318
319,313,0,0,0,318,0,0,0,0,319,313,0,0,0,0,319,313,0,0,0,0,319,313,0,0,0,0,319,315,315,315,315,315,313,0,0,0,0,318
319,313,0,0,0,318,0,0,0,0,319,313,0,0,0,0,319,313,0,0,0,0,319,313,0,0,0,0,319,315,315,315,315,315,313,0,0,0,0,318
319,313,0,0,0,318,0,0,0,0,319,313,0,0,0,0,319,313,0,0,0,0,319,313,0,0,0,0,319,315,315,315,315,315,313,0,0,0,0,318
319,313,0,0,0,318,0,0,0,0,319,313,0,0,0,0,319,313,0,0,0,0,319,313,0,0,0,0,319,315,315,315,315,315,313,0,0,0,0,318
319,313,0,0,321,351,0,0,0,0,319,313,0,0,0,0,319,313,0,0,0,0,319,313,0,0,0,0,319,315,315,315,315,315,313,0,0,0,0,318
319,313,0,0,0,344,317,317,317,317,341,342,317,317,317,317,341,342,317,317,317,317,341,342,317,317,317,317,341,324,324,324,324,324,322,0,0,0,307,350
319,326,306,0,0,0,0,0,0,0,0,0,0,0,0,0,0,0,0,0,0,0,0,0,0,0,0,0,0,0,0,0,0,0,0,0,0,307,325,313
319,315,313,0,0,0,0,0,0,0,0,0,0,0,0,0,0,0,0,0,0,0,0,0,0,0,0,0,0,0,0,0,0,0,0,0,0,319,315,313
323,324,342,317,317,317,317,317,317,317,317,317,317,317,317,317,317,317,317,317,317,317,317,317,317,317,317,317,317,317,317,317,317,317,317,317,317,341,324,322
23
41,-1,570.945,940.881
41,-1,711.495,942.345
41,-1,838.869,942.345
41,-1,1145.52,939.303
41,-1,1291.65,940.12
41,-1,1415.74,940.12
41,-1,1719.84,938.06
41,-1,1860.25,938.06
41,-1,1990.87,938.06
41,-1,2292.62,938.4
41,-1,2427.71,938.4
41,-1,2561.03,939.283
51,-1,2979.15,314.267,8,SteelLadder
54,10,3700.42,873.262
54,11,433.298,693.138
21,14,1628.22,343.834
57,10,619.018,1121.84
57,11,3232.72,162.546
28,11,2181.93,305.593
28,11,2651.4,1246.88
28,11,1240.7,1262.82
5,14,2671.04,119.268,7
28,-1,207.03,1061.46
216
0,HorizontalPipe,3453.57,1191.4
0,HorizontalPipe,3399.04,1191.4
0,HorizontalPipe,3331.89,1191.4
0,HorizontalPipe,3257.38,1191.4
0,HorizontalPipe,3179.13,1191.4
0,HorizontalPipe,3107.75,1191.4
0,HorizontalPipe,3037.94,1191.4
0,HorizontalPipe,2961.12,1191.7
0,HorizontalPipe,2881.33,1191.7
0,HorizontalPipe,2810.37,1191.7
0,HorizontalPipe,2732.62,1191.7
0,HorizontalPipe,2661.04,1191.7
0,HorizontalPipe,2586.37,1191.7
0,HorizontalPipe,2503.97,1191.7
0,HorizontalPipe,2424.36,1191.7
0,HorizontalPipe,2349.08,1191.7
0,HorizontalPipe,2271.32,1191.7
0,HorizontalPipe,2194.8,1191.7
0,HorizontalPipe,2118.9,1191.7
0,HorizontalPipe,2050.73,1191.65
0,MiddlePipe,1976.81,1227.41
0,VerticallyPipe,1941.05,1154.29
0,VerticallyPipe,1941.05,1085.14
0,HorizontalPipe,1904.75,1191.65
0,HorizontalPipe,1829.24,1191.65
0,HorizontalPipe,1760.89,1191.65
0,HorizontalPipe,1684.26,1191.65
0,HorizontalPipe,1607.16,1191.65
0,HorizontalPipe,1531.72,1191.65
0,HorizontalPipe,1455.42,1191.65
0,HorizontalPipe,1380.14,1191.65
0,HorizontalPipe,1305.43,1191.65
0,HorizontalPipe,1224.36,1191.65
0,HorizontalPipe,1148.47,1191.65
0,HorizontalPipe,1075.34,1191.65
0,MiddlePipe,999.838,1227.41
0,VerticallyPipe,964.072,1159.85
0,VerticallyPipe,964.072,1093.89
0,HorizontalPipe,926.717,1191.65
0,HorizontalPipe,853.595,1191.65
0,HorizontalPipe,781.282,1191.65
0,HorizontalPipe,702.596,1191.65
0,HorizontalPipe,623.414,1191.65
0,HorizontalPipe,547.113,1191.65
0,HorizontalPipe,466.044,1191.65
0,HorizontalPipe,389.743,1191.65
0,HorizontalPipe,313.922,1191.65
0,HorizontalPipe,241.595,1191.65
0,VerticallyPipe,1056.15,1219.73
0,RightTopPipe,1056.15,1145.39
0,HorizontalPipe,1028.97,1124.61
0,HorizontalPipe,976.218,1124.61
0,LeftDownPipe,899.487,1124.61
0,VerticallyPipe,879.504,1103.83
0,VerticallyPipe,2028,1088.63
0,VerticallyPipe,2028,1127.6
0,RightDownPipe,2028,1152.58
0,HorizontalPipe,2007.65,1152.51
0,HorizontalPipe,1939.18,1152.51
0,VerticallyPipe,1840.27,1256.95
0,LeftTopPipe,1863.09,1174.65
0,HorizontalPipe,3619.89,732.954
0,HorizontalPipe,3546.22,732.954
0,HorizontalPipe,3469.79,732.954
0,HorizontalPipe,3398.88,732.954
0,HorizontalPipe,3321.53,732.954
0,HorizontalPipe,3621.81,705.941
0,HorizontalPipe,3548.79,705.768
0,HorizontalPipe,3474.99,705.768
0,HorizontalPipe,3399.02,705.768
0,HorizontalPipe,3328.47,705.768
0,HorizontalPipe,3622.57,764.912
0,HorizontalPipe,3541.46,764.912
0,HorizontalPipe,3462.48,764.912
0,HorizontalPipe,3384.57,764.912
0,HorizontalPipe,3314.67,764.912
1,VerticallyPipe,1479.9,1364.25
1,VerticallyPipe,1479.9,1287.37
1,VerticallyPipe,1479.9,1210.49
1,VerticallyPipe,1479.9,1132.4
1,VerticallyPipe,1479.9,1053.99
1,VerticallyPipe,1479.9,974.633
1,VerticallyPipe,1479.9,899.403
1,VerticallyPipe,1479.9,820.237
1,RightTopPipe,1479.9,745.638
1,HorizontalPipe,1450.06,724.784
1,HorizontalPipe,1372.02,724.784
1,LeftDownPipe,1294.25,724.784
1,VerticallyPipe,1274.51,701.205
1,VerticallyPipe,1274.51,625.012
1,VerticallyPipe,1274.51,550.19
1,VerticallyPipe,1274.43,473.7
1,VerticallyPipe,1274.43,400.368
1,VerticallyPipe,1274.43,334.575
1,RightTopPipe,1274.78,261.653
1,HorizontalPipe,1246.45,241.165
1,HorizontalPipe,1167.84,241.085
1,HorizontalPipe,1093.91,241.085
1,HorizontalPipe,1026.73,241.085
1,LeftDownPipe,948.672,241.085
1,VerticallyPipe,928.401,218.825
1,VerticallyPipe,928.401,148.044
1,VerticallyPipe,928.401,76.7013
1,VerticallyPipe,928.401,-0.0135193
1,VerticallyPipe,928.401,-73.1733
0,HorizontalPipe,366.944,482.71
0,HorizontalPipe,287.7,482.71
0,HorizontalPipe,209.347,482.71
0,HorizontalPipe,352.585,525.676
0,HorizontalPipe,274.265,525.676
0,HorizontalPipe,358.993,433.115
0,HorizontalPipe,282.809,433.115
0,HorizontalPipe,200.928,433.115
0,HorizontalPipe,127.518,433.075
0,HorizontalPipe,202.748,525.901
0,HorizontalPipe,124.47,525.901
0,HorizontalPipe,47.8454,525.901
0,HorizontalPipe,129.431,482.903
0,HorizontalPipe,50.0504,482.903
0,HorizontalPipe,46.1916,433.377
1,VerticallyPipe,398.793,1345.07
1,VerticallyPipe,398.966,1277.15
1,VerticallyPipe,398.966,1199.35
1,VerticallyPipe,398.966,1119.92
1,VerticallyPipe,398.966,1042.86
1,VerticallyPipe,398.966,973.137
1,VerticallyPipe,398.966,894.272
1,VerticallyPipe,398.966,820.969
1,VerticallyPipe,398.966,744.64
1,VerticallyPipe,398.966,670.513
1,VerticallyPipe,398.978,594.325
1,VerticallyPipe,398.978,515.782
1,VerticallyPipe,398.978,438.85
1,VerticallyPipe,398.978,361.713
1,VerticallyPipe,398.978,290.791
1,VerticallyPipe,398.978,215.142
1,VerticallyPipe,398.978,146.625
1,VerticallyPipe,398.978,75.7037
1,VerticallyPipe,398.978,-1.98847
1,VerticallyPipe,398.978,-68.7027
1,Mist,2858.13,1094.79
1,Mist,2743.84,1060.34
1,Mist,1848.59,37.1125
1,Mist,1876.77,49.6383
1,Mist,2213.34,91.9127
1,Mist,3143.63,101.307
1,Mist,2657.01,110.701
1,Mist,928.922,59.0326
1,Mist,1154.25,99.7413
1,Mist,164.372,80.9527
1,Mist,94.2923,74.6898
1,Mist,135.001,1028.13
1,Mist,551.481,1122.07
1,Mist,-76.8339,554.157
1,Mist,998.896,1148.46
1,Mist,1284.41,1073.31
1,Mist,1883.93,1085.83
1,Mist,1706.38,1075.39
1,Mist,3302.63,757.601
1,Mist,3249.39,300.411
1,Mist,3216.51,518.046
1,Mist,2801.35,34.9889
1,Mist,2321.86,50.6461
0,HorizontalPipe,2591.47,352.431
0,HorizontalPipe,2523.47,352.169
0,HorizontalPipe,2444.09,352.169
0,HorizontalPipe,2365.44,352.169
0,HorizontalPipe,2288.48,352.169
0,HorizontalPipe,2228.48,352.169
0,HorizontalPipe,2579.64,392.984
0,HorizontalPipe,2507.74,392.984
0,HorizontalPipe,2445.7,392.984
0,HorizontalPipe,2366.97,392.984
0,HorizontalPipe,2295.1,392.984
0,HorizontalPipe,2232.38,392.984
0,HorizontalPipe,2005.49,306.37
0,HorizontalPipe,1929.58,306.37
0,HorizontalPipe,1861.34,306.37
0,HorizontalPipe,1784.63,306.37
0,HorizontalPipe,1720.83,306.37
0,HorizontalPipe,1659.85,306.37
0,HorizontalPipe,1433.44,352.439
0,HorizontalPipe,1356.72,352.439
0,HorizontalPipe,1284.85,352.439
0,HorizontalPipe,1222.67,352.439
0,HorizontalPipe,1173.35,352.439
0,HorizontalPipe,1106.73,352.439
0,HorizontalPipe,1408.75,392.413
0,HorizontalPipe,1338.09,392.413
0,HorizontalPipe,1264.2,392.413
0,HorizontalPipe,1197.58,392.413
0,HorizontalPipe,1129.34,392.413
0,HorizontalPipe,1085.92,392.525
0,HorizontalPipe,858.529,481.348
0,HorizontalPipe,787.182,481.348
0,HorizontalPipe,733.196,481.352
0,HorizontalPipe,660.4,481.352
0,HorizontalPipe,587.016,481.352
0,HorizontalPipe,525.962,481.352
0,HorizontalPipe,842.977,525.969
0,HorizontalPipe,770.181,525.969
0,HorizontalPipe,693.862,525.969
0,HorizontalPipe,616.37,525.969
0,HorizontalPipe,539.464,525.969
0,VerticallyPipe,3315.7,281.113
0,VerticallyPipe,3315.7,204.638
0,VerticallyPipe,3315.72,125.472
0,VerticallyPipe,3315.72,52.5641
0,VerticallyPipe,3361.37,273.606
0,VerticallyPipe,3361.37,197.038
0,VerticallyPipe,3361.37,124.331
0,VerticallyPipe,3361.37,50.3369
0,VerticallyPipe,2820.04,255.939
0,VerticallyPipe,2820.04,179.609
0,VerticallyPipe,2820.04,114.859
0,VerticallyPipe,2820.04,43.7145
1
1,313.364,1142.17,4,2,14
