181.399
1171.49
0
level7Music
3
level1_A
level1_B
level1_C
15
500,0,0,0,0,0,0,0,0,0,0,0,0,0,0,0,0,0,0,0,0,0,0,0,0,0,0,0,0,0,0,0,0,0,0,0,0,0,0,111
500,0,0,0,0,0,0,0,0,0,0,0,0,0,0,0,0,0,0,0,0,0,0,0,0,0,0,0,0,0,0,0,0,0,0,0,0,0,0,118
500,0,0,0,0,0,0,0,0,0,0,0,0,0,0,0,0,0,0,0,0,0,0,0,0,0,0,0,0,0,0,0,0,0,0,0,0,0,0,118
500,0,0,0,0,0,0,0,0,0,0,0,0,0,0,0,0,0,0,0,0,0,0,0,0,0,0,0,0,0,0,0,0,0,0,0,0,121,152,150
500,0,0,0,0,0,0,0,0,0,0,0,0,0,0,0,0,0,0,0,0,0,0,0,0,0,0,0,0,0,0,0,0,0,0,0,0,0,119,113
500,0,0,0,0,0,0,0,0,0,0,0,0,0,0,0,0,0,0,0,0,0,0,0,0,0,0,0,0,0,0,0,0,0,0,0,0,0,146,122
500,0,0,0,0,0,0,0,0,0,0,0,0,0,0,0,0,0,0,0,0,0,0,0,0,0,0,0,0,0,0,0,0,0,0,0,0,0,128,0
7,10,10,6,500,7,10,10,6,0,0,0,0,0,0,0,0,0,0,0,0,0,0,0,0,0,0,0,0,0,0,0,0,0,0,0,0,0,0,0
19,15,15,13,0,19,15,15,26,10,6,0,0,0,0,0,0,0,0,0,0,0,0,0,0,0,0,0,0,0,0,0,0,0,0,0,0,0,0,0
23,24,24,22,0,23,24,24,24,29,13,0,0,0,0,0,0,0,0,0,0,0,0,0,0,0,0,0,0,0,0,0,0,0,7,10,10,6,107,106
321,317,317,314,0,321,352,310,306,23,35,10,10,10,10,10,10,10,10,10,10,10,10,10,10,10,10,10,10,10,10,10,10,10,25,15,15,13,123,122
0,0,0,0,0,0,319,315,326,306,23,24,24,24,24,24,24,24,24,24,24,24,24,24,24,24,24,24,24,24,24,24,24,24,24,24,24,42,307,306
0,0,0,0,0,0,319,315,315,326,310,310,310,310,310,310,310,310,310,310,310,310,310,310,310,310,310,310,310,306,0,0,0,0,0,0,0,0,319,313
0,0,0,0,0,0,319,315,315,315,315,315,315,315,315,315,315,315,315,315,315,315,315,315,315,315,315,315,315,313,0,0,0,0,0,0,0,0,319,313
321,317,317,317,317,317,341,324,324,324,324,324,324,324,324,324,324,324,324,324,324,324,324,324,324,324,324,324,324,342,317,317,317,317,317,317,317,317,341,322
26
36,-1,364.911,651.224
49,4,2808.48,258.481
49,4,2186.27,258.481
49,4,964.271,258.481
49,4,1605.94,260.841
27,4,3355.64,776.293
28,4,1704.06,190.002
46,10,3153.07,854.822
46,12,78.7172,568.609
46,12,150.192,568.609
46,12,101.408,495.999
2,15,3534.54,32.8265
3,15,134.461,492.304
9,-1,3493.42,850.948,4,WoodLadder
17,-1,774.546,634.598
7,20,1145.53,254.14
46,14,2880.07,1239.15
22,14,2927.94,1238.96
25,14,2876.34,1291.38
21,14,3664.85,249.033
37,2,3181.51,851.115
28,11,3301.97,1259.03
5,14,468.937,386.197,8
28,-1,506.702,1272.11
28,-1,2466.49,888.775
6,14,3665.74,643.975
5
0,Car3,1116.45,717.151
0,SewerRoom,2582.05,1027.48
0,SewerRoom,-598.459,705.065
0,WoodRoom,3682.28,488.415
0,Crate,3556.05,229.843
1
5,2103.58,755.41,1,977,14,1,3
